15016.146    2.236  -2.084   0.00001255 1.0 'TI
15030.570    2.721  -1.241   0.00002141 1.0 'ZR
15043.190    2.703  -1.389   0.00001604 1.0 'ZR
15067.949    2.201  -1.104   0.00013266 1.0 'ZR
15117.310    2.334  -1.747   0.00002052 1.0 'TI
15140.860    1.443  -3.111   0.00001177 1.0 'ZR
15163.067    2.670   0.632   0.00185268 1.0 'K
15163.067    2.670  -1.040   0.00003943 1.0 'K
15168.377    2.670   0.441   0.00119344 1.0 'K
15173.370    1.900  -2.141   0.00002917 1.0 'Y
15186.712    1.879  -2.390   0.00001748 1.0 'TI
15188.017    2.345  -2.016   0.00001070 1.0 'TI
15206.474    1.396  -2.791   0.00002819 1.0 'ZR
15242.900    2.999  -0.987   0.00001715 1.0 'BA
15275.832    1.350  -3.206   0.00001239 1.0 'ZR
15277.610    0.609  -1.940   0.00196182 1.0 'CE
15284.461    0.680  -2.130   0.00103086 1.0 'ND
15288.938    1.589  -0.535   0.00290309 1.0 'RB
15289.966    1.589  -1.580   0.00026173 1.0 'RB
15334.847    1.887  -1.040   0.00038228 1.0 'TI
15336.759    3.700  -0.191   0.00001403 1.0 'Y
15368.143    1.264  -1.550   0.00072005 1.0 'ND
15371.937    2.999  -0.608   0.00004104 1.0 'BA
15391.945    1.366  -3.210   0.00001172 1.0 'ZR
15406.485    2.950  -1.121   0.00001452 1.0 'RB
15426.969    1.873  -2.460   0.00001514 1.0 'TI
15466.049    3.821  -0.133   0.00001129 1.0 'BA
15506.586    3.672  -0.370   0.00001008 1.0 'Y
15526.356    1.919  -1.355   0.00016868 1.0 'Y
15541.688    2.136  -2.269   0.00001096 1.0 'ZR
15543.758    1.879  -1.160   0.00029680 1.0 'TI
15602.842    2.267  -1.640   0.00003188 1.0 'TI
15619.958    2.294  -0.526   0.00038332 1.0 'Y
15630.037    1.751  -2.416   0.00002386 1.0 'ZR
15651.962    2.295  -2.067   0.00001100 1.0 'Y
15696.640    2.136  -2.091   0.00001651 1.0 'ZR
15698.977    1.887  -2.110   0.00003254 1.0 'TI
15715.573    1.873  -1.280   0.00022910 1.0 'TI
15734.889    2.721  -1.483   0.00001226 1.0 'CS
15744.127    1.937  -2.375   0.00001529 1.0 'ZR
15784.786    0.318  -1.510   0.01228340 1.0 'CE
15829.830    0.320  -1.911   0.00485065 1.0 'CE
15833.693    3.821   0.076   0.00001826 1.0 'BA
15836.555    3.812  -0.070   0.00001339 1.0 'BA
15836.790    1.879  -2.210   0.00002645 1.0 'TI
15847.580    0.189  -2.105   0.00453795 1.0 'CE
15874.022    1.396  -2.939   0.00002005 1.0 'ZR
15900.911    1.482  -2.271   0.00007272 1.0 'ZR
15902.500    3.041  -1.150   0.00001043 1.0 'BA
15912.288    0.550  -2.390   0.00082604 1.0 'ND
15924.824    2.138  -2.211   0.00001245 1.0 'V
15924.838    2.138  -2.107   0.00001582 1.0 'V
15924.846    2.138  -2.011   0.00001973 1.0 'V
15924.847    2.138  -1.837   0.00002945 1.0 'V
15924.849    2.138  -1.921   0.00002427 1.0 'V
15933.474    3.749  -0.171   0.00001274 1.0 'BA
15956.790    0.000  -0.345   0.45185600 1.0 'CE
15958.390    0.470  -1.830   0.00378268 1.0 'CE
15977.120    0.232  -2.019   0.00488292 1.0 'CE
15977.952    1.121  -2.470   0.00013108 1.0 'ND
16053.628    0.745  -2.200   0.00072661 1.0 'ND
16074.953    3.041  -0.590   0.00003787 1.0 'BA
16125.363    1.900  -2.386   0.00001660 1.0 'Y
16128.750    0.388  -0.920   0.03900500 1.0 'CE
16137.379    2.638  -1.629   0.00001115 1.0 'V
16195.364    1.443  -2.924   0.00001811 1.0 'ZR
16200.273    2.130  -2.035   0.00001911 1.0 'V
16200.289    2.130  -2.140   0.00001500 1.0 'V
16200.298    2.130  -2.256   0.00001149 1.0 'V
16206.701    3.104  -0.772   0.00002075 1.0 'TI
16218.527    3.041  -0.950   0.00001653 1.0 'BA
16262.043    0.986  -1.990   0.00058565 1.0 'ND
16292.014    2.201  -1.920   0.00002026 1.0 'ZR
16303.785    0.859  -2.110   0.00064218 1.0 'ND
16327.320    0.561  -2.400   0.00078188 1.0 'CE
16330.532    3.108  -0.966   0.00001312 1.0 'TI
16340.613    1.779  -2.039   0.00005242 1.0 'ZR
16376.460    0.122  -1.965   0.00760817 1.0 'CE
16380.861    2.333  -1.791   0.00001860 1.0 'TI
16382.925    1.545  -1.480   0.00037437 1.0 'ND
16406.165    2.122  -2.041   0.00001929 1.0 'V
16406.185    2.122  -2.182   0.00001394 1.0 'V
16498.420    3.017  -0.625   0.00003746 1.0 'YB
16536.438    2.699  -0.821   0.00006002 1.0 'CS
16546.072    1.975  -1.747   0.00005814 1.0 'ZR
16558.213    0.933  -2.400   0.00026572 1.0 'ND
16558.511    1.374  -2.690   0.00003791 1.0 'Y
16570.542    2.114  -2.099   0.00001727 1.0 'V
16570.562    2.114  -2.315   0.00001050 1.0 'V
16595.233    0.122  -2.186   0.00457383 1.0 'CE
16634.667    1.136  -2.370   0.00015799 1.0 'ND
16635.158    2.345  -1.771   0.00001881 1.0 'TI
16644.497    2.295  -0.558   0.00035506 1.0 'Y
16722.600    0.470  -1.830   0.00378268 1.0 'CE
16732.870    4.185   0.381   0.00001282 1.0 'Y
16920.892    2.201  -1.492   0.00005429 1.0 'ZR
16941.107    1.530  -2.440   0.00004287 1.0 'ZR
16960.844    3.397  -0.680   0.00001096 1.0 'K
17004.330    1.356  -2.414   0.00007541 1.0 'Y
17012.922    2.721  -0.439   0.00013569 1.0 'Cs
17018.033    4.507   0.761   0.00001208 1.0 'Ti
17046.834    2.721  -1.372   0.00001583 1.0 'Cs
17088.500    2.671  -1.460   0.00001495 1.0 'Dy
17123.812    1.398  -1.253   0.00096721 1.0 'Y
17366.715    2.003  -0.853   0.00041997 1.0 'Y
17376.574    4.489   0.747   0.00001233 1.0 'Ti
17388.516    4.507   0.837   0.00001439 1.0 'Ti
17422.838    1.374  -1.095   0.00149197 1.0 'Y
17506.020    2.808  -1.080   0.00002409 1.0 'Dy
17545.896    3.834   0.015   0.00001528 1.0 'Li
17546.014    3.834   0.015   0.00001528 1.0 'Li
17663.291    1.356  -1.173   0.00131353 1.0 'Y
17813.000    3.927   0.227   0.00001901 1.0 'Y
17849.400    3.082  -0.830   0.00001935 1.0 'Dy
17903.234    1.430  -0.183   0.01035620 1.0 'Y
18049.812    1.398  -0.362   0.00752523 1.0 'Y
18063.445    1.983  -0.937   0.00036679 1.0 'Y
18115.295    1.374  -0.569   0.00500910 1.0 'Y
18135.150    3.196  -0.530   0.00002774 1.0 'Dy
18181.764    1.356  -0.754   0.00344699 1.0 'Y
18234.672    0.247  -3.058   0.00042735 1.0 'Lu
18234.760    0.247  -2.193   0.00313170 1.0 'Lu
18234.920    0.247  -2.505   0.00152679 1.0 'Lu
18234.938    0.247  -2.204   0.00305337 1.0 'Lu
18234.957    0.247  -2.630   0.00114493 1.0 'Lu
18234.965    0.247  -1.567   0.01323670 1.0 'Lu
18234.965    0.247  -2.204   0.00305337 1.0 'Lu
18234.977    0.247  -2.032   0.00453712 1.0 'Lu
18235.002    0.247  -2.040   0.00445431 1.0 'Lu
18235.020    0.247  -2.066   0.00419546 1.0 'Lu
18235.020    0.247  -2.380   0.00203601 1.0 'Lu
18235.064    0.247  -1.783   0.00804971 1.0 'Lu
18247.928    4.110   0.241   0.00001155 1.0 'Y
18293.650    1.305  -1.500   0.00071730 1.0 'Y
18304.691    4.121   0.280   0.00001223 1.0 'Y
18305.840    2.385  -1.461   0.00003419 1.0 'Y
18308.244    1.931  -2.403   0.00001459 1.0 'V
18308.262    1.931  -2.544   0.00001054 1.0 'V
18330.209    4.185   0.742   0.00002944 1.0 'Y
18463.799    4.185   0.584   0.00002046 1.0 'Y
18465.391    3.617   0.759   0.00015907 1.0 'Na
18465.480    3.617   0.602   0.00011081 1.0 'Na
18569.521    4.142   0.368   0.00001410 1.0 'Y
18609.268    2.745  -1.470   0.00001178 1.0 'Er
18617.889    2.003  -2.086   0.00002456 1.0 'Y
18624.787    3.397  -0.430   0.00001949 1.0 'K
18628.502    3.397  -0.562   0.00001438 1.0 'K
18702.990    3.879   0.609   0.00005266 1.0 'Li
18703.090    3.879   0.763   0.00007507 1.0 'Li
18703.230    3.878   0.609   0.00005281 1.0 'Li
18703.330    3.879   0.763   0.00007507 1.0 'Li
18719.973    2.406  -1.042   0.00008442 1.0 'Y
18750.801    2.940  -1.266   0.00001071 1.0 'Rb
18888.762    2.406  -1.637   0.00002145 1.0 'Y
19027.379    2.950  -0.987   0.00001977 1.0 'Rb
19193.238    1.356  -3.099   0.00001558 1.0 'Y
19309.223    1.879  -1.000   0.00042900 1.0 'Ca
19430.988    2.699  -1.234   0.00002319 1.0 'Cs
19452.982    1.886  -0.651   0.00093894 1.0 'Ca
19492.898    1.356  -3.018   0.00001877 1.0 'Y
19505.738    1.886  -1.129   0.00031235 1.0 'Ca
19700.895    2.406  -1.036   0.00008559 1.0 'Y
19711.814    2.138  -2.299   0.00001017 1.0 'V
19711.832    2.138  -2.192   0.00001301 1.0 'V
19728.121    1.374  -1.659   0.00040715 1.0 'Y
19776.771    1.899  -0.388   0.00165676 1.0 'Ca
19796.066    2.806  -1.285   0.00001512 1.0 'Cs
19802.850    2.801  -1.466   0.00001011 1.0 'Cs
19853.092    3.910   0.399   0.00002968 1.0 'Ca
19862.191    1.899  -1.138   0.00029462 1.0 'Ca
19917.195    1.899  -2.315   0.00001960 1.0 'Ca
19933.727    3.910   0.171   0.00001756 1.0 'Ca
20044.854    1.374  -2.550   0.00005233 1.0 'Y
20139.529    2.721  -0.979   0.00003913 1.0 'Cs
20170.207    1.398  -1.626   0.00040975 1.0 'Y
20241.508    2.130  -2.312   0.00001010 1.0 'V
20416.260    2.950  -1.043   0.00001738 1.0 'Rb
20429.084    2.385  -1.231   0.00005806 1.0 'Y
20460.971    2.906  -1.220   0.00001314 1.0 'Dy
20828.953    1.305  -3.053   0.00002008 1.0 'Y
20831.516    1.408  -1.386   0.00069170 1.0 'Y
20879.260    1.398  -1.778   0.00028875 1.0 'Y
21081.510    3.004  -0.980   0.00001718 1.0 'Dy
21260.449    1.430  -0.608   0.00389224 1.0 'Y
21284.809    1.987  -2.444   0.00001128 1.0 'Sc
21295.350    2.823  -0.890   0.00003573 1.0 'Dy
21563.459    2.505  -1.246   0.00003960 1.0 'V
21563.850    2.505  -1.387   0.00002862 1.0 'V
21564.178    2.505  -1.551   0.00001962 1.0 'V
21564.258    2.505  -1.836   0.00001018 1.0 'V
21564.443    2.505  -1.749   0.00001244 1.0 'V
21572.391    1.408  -2.228   0.00009952 1.0 'Y
21574.174    1.374  -1.523   0.00055688 1.0 'Y
21730.104    1.439  -2.638   0.00003539 1.0 'Sc
21730.334    1.439  -2.825   0.00002301 1.0 'Sc
21730.531    1.439  -3.044   0.00001389 1.0 'Sc
21782.920    1.749  -1.170   0.00042292 1.0 'Ti
21811.814    1.433  -2.905   0.00001947 1.0 'Sc
21811.961    1.433  -2.206   0.00009737 1.0 'Sc
21811.984    1.433  -2.724   0.00002954 1.0 'Sc
21812.105    1.433  -2.498   0.00004971 1.0 'Sc
21812.129    1.433  -2.693   0.00003173 1.0 'Sc
21812.227    1.433  -2.904   0.00001952 1.0 'Sc
21812.250    1.433  -2.757   0.00002738 1.0 'Sc
21812.252    1.433  -2.905   0.00001947 1.0 'Sc
21812.346    1.433  -2.956   0.00001731 1.0 'Sc
21812.350    1.433  -2.724   0.00002954 1.0 'Sc
21812.422    1.433  -2.693   0.00003173 1.0 'Sc
21812.469    1.433  -2.757   0.00002738 1.0 'Sc
21812.492    1.433  -2.956   0.00001731 1.0 'Sc
21897.377    1.739  -1.470   0.00021820 1.0 'Ti
21942.641    3.397  -0.053   0.00004643 1.0 'K
21947.795    3.397  -0.250   0.00002950 1.0 'K
22004.494    1.734  -1.910   0.00008038 1.0 'Ti
22051.588    1.448  -2.519   0.00004534 1.0 'Sc
22051.785    1.448  -2.308   0.00007371 1.0 'Sc
22051.906    1.448  -3.121   0.00001134 1.0 'Sc
22051.953    1.448  -2.235   0.00008720 1.0 'Sc
22051.959    1.448  -1.511   0.00046187 1.0 'Sc
22052.062    1.448  -3.121   0.00001134 1.0 'Sc
22052.092    1.448  -2.229   0.00008841 1.0 'Sc
22052.109    1.448  -1.616   0.00036268 1.0 'Sc
22052.203    1.448  -2.276   0.00007935 1.0 'Sc
22052.232    1.448  -1.732   0.00027766 1.0 'Sc
22052.285    1.448  -2.381   0.00006230 1.0 'Sc
22052.324    1.448  -1.861   0.00020631 1.0 'Sc
22052.340    1.448  -2.577   0.00003968 1.0 'Sc
22052.389    1.448  -2.007   0.00014741 1.0 'Sc
22052.414    1.448  -2.644   0.00003400 1.0 'Sc
22052.424    1.448  -2.177   0.00009966 1.0 'Sc
22052.432    1.448  -2.381   0.00006230 1.0 'Sc
22056.359    3.191  -0.519   0.00002886 1.0 'Na
22056.361    3.191  -0.519   0.00002886 1.0 'Na
22056.361    3.191  -0.917   0.00001154 1.0 'Na
22056.422    3.191  -0.072   0.00008079 1.0 'Na
22056.426    3.191  -0.519   0.00002886 1.0 'Na
22064.936    1.439  -2.994   0.00001559 1.0 'Sc
22065.021    1.439  -2.772   0.00002599 1.0 'Sc
22065.084    1.439  -2.290   0.00007886 1.0 'Sc
22065.098    1.439  -2.647   0.00003466 1.0 'Sc
22065.139    1.439  -2.094   0.00012384 1.0 'Sc
22065.166    1.439  -2.596   0.00003898 1.0 'Sc
22065.184    1.439  -2.040   0.00014024 1.0 'Sc
22065.221    1.439  -2.062   0.00013331 1.0 'Sc
22065.225    1.439  -2.626   0.00003638 1.0 'Sc
22065.246    1.439  -2.153   0.00010811 1.0 'Sc
22065.266    1.439  -2.341   0.00007012 1.0 'Sc
22065.346    1.439  -2.596   0.00003898 1.0 'Sc
22065.367    1.439  -1.450   0.00054558 1.0 'Sc
22065.369    1.439  -2.208   0.00009525 1.0 'Sc
22065.381    1.439  -1.591   0.00039433 1.0 'Sc
22065.383    1.439  -1.953   0.00017134 1.0 'Sc
22065.387    1.439  -1.755   0.00027031 1.0 'Sc
22083.617    3.191  -0.518   0.00002893 1.0 'Na
22083.684    3.191  -0.518   0.00002893 1.0 'Na
22083.693    3.191  -0.518   0.00002893 1.0 'Na
22085.471    2.955  -1.190   0.00001221 1.0 'Dy
22091.047    2.505  -1.400   0.00002778 1.0 'V
22091.367    2.505  -1.692   0.00001418 1.0 'V
22206.695    1.428  -2.544   0.00004536 1.0 'Sc
22206.826    1.428  -2.955   0.00001761 1.0 'Sc
22206.977    1.428  -2.955   0.00001761 1.0 'Sc
22207.107    1.428  -3.160   0.00001098 1.0 'Sc
22207.211    1.428  -2.841   0.00002289 1.0 'Sc
22207.332    1.428  -2.841   0.00002289 1.0 'Sc
22207.514    1.428  -2.966   0.00001717 1.0 'Sc
22207.605    1.428  -2.966   0.00001717 1.0 'Sc
22207.684    1.428  -3.142   0.00001145 1.0 'Sc
22211.219    1.734  -1.780   0.00010843 1.0 'Ti
22232.844    1.739  -1.690   0.00013148 1.0 'Ti
22266.533    1.428  -2.339   0.00007273 1.0 'Sc
22266.637    1.428  -2.193   0.00010179 1.0 'Sc
22266.715    1.428  -2.214   0.00009699 1.0 'Sc
22266.738    1.428  -1.872   0.00021317 1.0 'Sc
22266.871    1.428  -2.193   0.00010179 1.0 'Sc
22266.975    1.428  -2.670   0.00003394 1.0 'Sc
22274.006    1.749  -1.800   0.00009914 1.0 'Ti
22310.611    1.734  -2.071   0.00005548 1.0 'Ti
22311.588    1.120  -1.400   0.00154454 1.0 'Ba
22389.383    1.433  -2.941   0.00001792 1.0 'Sc
22394.439    1.433  -2.389   0.00006389 1.0 'Sc
22394.494    1.433  -2.826   0.00002336 1.0 'Sc
22394.594    1.433  -1.763   0.00027004 1.0 'Sc
22394.598    1.433  -2.228   0.00009256 1.0 'Sc
22394.645    1.433  -2.576   0.00004154 1.0 'Sc
22394.723    1.433  -2.236   0.00009087 1.0 'Sc
22394.727    1.433  -1.979   0.00016422 1.0 'Sc
22394.766    1.433  -2.400   0.00006229 1.0 'Sc
22394.816    1.433  -2.400   0.00006229 1.0 'Sc
22394.826    1.433  -2.262   0.00008559 1.0 'Sc
22394.895    1.433  -2.701   0.00003115 1.0 'Sc
22443.900    1.739  -2.360   0.00002811 1.0 'Ti
22487.461    2.505  -1.498   0.00002217 1.0 'V
22487.678    2.505  -1.714   0.00001348 1.0 'V
22529.631    2.400  -0.192   0.00060813 1.0 'Rb
22531.896    2.400  -1.146   0.00006761 1.0 'Rb
22543.836    1.398  -0.767   0.00296156 1.0 'Y
22621.203    1.749  -2.740   0.00001138 1.0 'Ti
22636.479    1.439  -2.933   0.00001794 1.0 'Sc
22636.711    1.439  -3.038   0.00001409 1.0 'Sc
22636.922    1.439  -3.154   0.00001079 1.0 'Sc
22656.516    1.439  -2.505   0.00004807 1.0 'Sc
22656.598    1.439  -3.149   0.00001091 1.0 'Sc
22656.855    1.439  -2.646   0.00003474 1.0 'Sc
22656.947    1.439  -3.095   0.00001236 1.0 'Sc
22657.162    1.439  -2.810   0.00002382 1.0 'Sc
22657.246    1.439  -3.117   0.00001175 1.0 'Sc
22657.418    1.439  -3.008   0.00001510 1.0 'Sc
22812.254    2.801  -0.652   0.00006588 1.0 'Cs
22932.510    2.400  -0.413   0.00036560 1.0 'Rb
22963.330    1.887  -1.530   0.00012370 1.0 'Ti
22985.559    1.448  -2.997   0.00001508 1.0 'Sc
22985.752    1.448  -2.782   0.00002475 1.0 'Sc
22985.932    1.448  -2.705   0.00002955 1.0 'Sc
22985.961    1.448  -1.934   0.00017439 1.0 'Sc
22986.092    1.448  -2.694   0.00003031 1.0 'Sc
22986.105    1.448  -2.070   0.00012750 1.0 'Sc
22986.234    1.448  -2.218   0.00009068 1.0 'Sc
22986.236    1.448  -2.737   0.00002745 1.0 'Sc
22986.346    1.448  -2.377   0.00006288 1.0 'Sc
22986.363    1.448  -2.840   0.00002165 1.0 'Sc
22986.439    1.448  -2.546   0.00004261 1.0 'Sc
22986.471    1.448  -3.061   0.00001302 1.0 'Sc
22986.508    1.448  -2.997   0.00001508 1.0 'Sc
22986.514    1.448  -2.713   0.00002901 1.0 'Sc
22986.572    1.448  -2.851   0.00002111 1.0 'Sc
22986.586    1.448  -2.782   0.00002475 1.0 'Sc
22986.609    1.448  -2.865   0.00002044 1.0 'Sc
22986.646    1.448  -2.705   0.00002955 1.0 'Sc
22986.691    1.448  -2.694   0.00003031 1.0 'Sc
22986.711    1.448  -3.061   0.00001302 1.0 'Sc
22986.717    1.448  -2.737   0.00002745 1.0 'Sc
22986.723    1.448  -2.840   0.00002165 1.0 'Sc
23038.766    2.806  -0.472   0.00009827 1.0 'Cs
23119.561    1.433  -2.763   0.00002700 1.0 'Sc
23119.842    1.433  -2.904   0.00001952 1.0 'Sc
23120.088    1.433  -3.068   0.00001338 1.0 'Sc
23204.080    1.356  -1.695   0.00039486 1.0 'Y
23253.688    1.143  -1.300   0.00181895 1.0 'Ba
23346.057    2.699  -0.350   0.00017752 1.0 'Cs
23348.383    3.753  -0.078   0.00001560 1.0 'Na
23379.139    3.753  -0.094   0.00001504 1.0 'Na
23379.143    3.753   0.112   0.00002417 1.0 'Na
23404.193    1.439  -2.941   0.00001761 1.0 'Sc
23404.377    1.439  -2.737   0.00002817 1.0 'Sc
23404.514    1.439  -2.038   0.00014088 1.0 'Sc
23404.541    1.439  -2.672   0.00003272 1.0 'Sc
23404.650    1.439  -2.225   0.00009159 1.0 'Sc
23404.688    1.439  -2.679   0.00003220 1.0 'Sc
23404.770    1.439  -2.444   0.00005532 1.0 'Sc
23404.814    1.439  -2.745   0.00002766 1.0 'Sc
23404.871    1.439  -2.707   0.00003019 1.0 'Sc
23404.922    1.439  -2.883   0.00002013 1.0 'Sc
23404.951    1.439  -3.038   0.00001409 1.0 'Sc
23404.971    1.439  -2.941   0.00001761 1.0 'Sc
23405.008    1.439  -3.163   0.00001056 1.0 'Sc
23405.045    1.439  -2.737   0.00002817 1.0 'Sc
23405.100    1.439  -2.672   0.00003272 1.0 'Sc
23405.121    1.439  -3.163   0.00001056 1.0 'Sc
23405.135    1.439  -2.679   0.00003220 1.0 'Sc
23405.146    1.439  -2.883   0.00002013 1.0 'Sc
23405.150    1.439  -2.745   0.00002766 1.0 'Sc
23441.482    1.879  -1.630   0.00010057 1.0 'Ti
23596.879    1.428  -2.831   0.00002343 1.0 'Sc
23597.350    1.428  -3.047   0.00001425 1.0 'Sc
23719.035    1.873  -1.770   0.00007413 1.0 'Ti
23808.979    1.433  -2.864   0.00002140 1.0 'Sc
23809.152    1.433  -2.165   0.00010701 1.0 'Sc
23809.162    1.433  -2.683   0.00003247 1.0 'Sc
23809.307    1.433  -2.457   0.00005463 1.0 'Sc
23809.318    1.433  -2.652   0.00003487 1.0 'Sc
23809.436    1.433  -2.863   0.00002145 1.0 'Sc
23809.449    1.433  -2.716   0.00003009 1.0 'Sc
23809.480    1.433  -2.864   0.00002140 1.0 'Sc
23809.555    1.433  -2.915   0.00001903 1.0 'Sc
23809.580    1.433  -2.683   0.00003247 1.0 'Sc
23809.654    1.433  -2.652   0.00003487 1.0 'Sc
23809.664    1.433  -3.170   0.00001058 1.0 'Sc
23809.701    1.433  -2.716   0.00003009 1.0 'Sc
23809.723    1.433  -2.915   0.00001903 1.0 'Sc
23914.492    1.430  -2.194   0.00010097 1.0 'Y
23990.451    1.374  -0.966   0.00200798 1.0 'Y
24029.939    1.890  -2.614   0.00001011 1.0 'Y
24074.629    1.428  -2.674   0.00003363 1.0 'Sc
24074.680    1.428  -2.560   0.00004372 1.0 'Sc
24074.725    1.428  -2.685   0.00003279 1.0 'Sc
24074.766    1.428  -2.263   0.00008664 1.0 'Sc
24074.783    1.428  -2.879   0.00002098 1.0 'Sc
24074.816    1.428  -2.861   0.00002186 1.0 'Sc
24074.893    1.428  -2.685   0.00003279 1.0 'Sc
24074.906    1.428  -2.560   0.00004372 1.0 'Sc
24074.920    1.428  -2.674   0.00003363 1.0 'Sc
24088.070    3.187  -0.854   0.00001350 1.0 'Rb
24169.965    0.000  -2.262   0.00547016 1.0 'Lu
24170.031    0.000  -1.785   0.01640590 1.0 'Lu
24170.432    0.000  -1.464   0.03435580 1.0 'Lu
24170.959    0.000  -1.785   0.01640590 1.0 'Lu
24171.025    0.000  -1.931   0.01172200 1.0 'Lu
24171.055    0.000  -1.806   0.01563150 1.0 'Lu
24252.449    2.721   0.068   0.00043605 1.0 'Cs
24281.814    2.267  -1.079   0.00011603 1.0 'Ti
24284.227    1.408  -1.971   0.00017985 1.0 'Y
24295.766    1.433  -3.165   0.00001070 1.0 'Sc
24376.455    2.721  -0.839   0.00005402 1.0 'Cs
24377.525    2.847  -0.990   0.00002647 1.0 'Yb
24464.840    3.834  -0.055   0.00001301 1.0 'Li
24464.916    3.834  -0.055   0.00001301 1.0 'Li
24544.424    2.109  -2.330   0.00001030 1.0 'Sc
24544.484    2.109  -2.132   0.00001624 1.0 'Sc
24544.588    2.109  -1.968   0.00002370 1.0 'Sc
24544.740    2.109  -1.827   0.00003278 1.0 'Sc
24920.896    1.356  -1.112   0.00151161 1.0 'Y
24945.480    2.111  -1.922   0.00002619 1.0 'Sc
24945.729    2.111  -2.138   0.00001593 1.0 'Sc