wavelength,start,end,abundance,error_abu,chi2_red,$R^2$
14661.144,14660.659100112603,14661.588532939963,8.610083410560849,0.003817411992799613,4.5612279733177274,0.9983106480323805
15002.153,15001.68349501827,15002.61292784563,8.619960160323318,0.004974038897563204,0.7826576053048484,0.999374050756288
15003.12,15002.690380581242,15003.619813408604,8.613694086864285,0.004849427533927475,0.8236266429303214,0.9983817552288655
15130.921,15130.332488872076,15131.494279906276,8.622918696405648,0.0044993013352252476,0.18389011241379194,0.9988784763647077
15266.168,15265.56496525302,15266.72675628722,8.618409895700553,0.005113017971446254,0.5315307338023558,0.999161879694961
15391.205,15390.496227797385,15391.890377038426,8.600390667651856,0.004431169174672789,0.17497822412406094,0.999468307584316
15409.17,15408.542715195299,15409.7045062295,8.607522981869495,0.004493084743252496,0.7064602416648995,0.9960203953936904
15428.401,15427.983351834257,15428.990237397229,8.611434664463573,0.006046773277180506,0.20775223275995813,0.9999534494169605
15429.688,15429.067690132844,15430.074575695817,8.599853802523606,0.010133849819780494,0.29887950460397406,0.9977907184914833
15505.746,15505.513540183238,15506.597878481825,8.592363513105791,0.004400715635006769,0.14794675138546154,0.9999937299436225
15568.782,15568.172803294456,15569.41204706427,8.600142406577156,0.004611339423245653,1.1619571210467257,0.9940755199283301
15651.897,15651.357041343213,15652.363926906188,8.594519458558986,0.005042489539384576,1.0871522694360465,0.9986406530245671
15719.695,15719.12818500491,15720.289976039112,8.597868142650995,0.00495725275104153,0.3885115089942701,0.9974310426728504
15755.52,15754.91134885829,15755.995687156876,8.577597191471174,0.0057537445317823455,1.228770415240433,0.9997892920096154
15756.53,15756.073139892489,15757.080025455462,8.586133481034793,0.00563037510261033,0.8090927296725567,0.9997280653912662
16052.766,16052.1749481424,16053.259286440987,8.583961684376684,0.0047679066827770455,1.6744623883860186,0.9986328673679414
16247.884,16247.51074735932,16248.749991129132,8.56698873171121,0.004594188935106658,1.9426532560610212,0.9996806313771022
16312.92,16311.87397065403,16313.345572630684,8.577059733467228,0.005114104200083958,0.3216406358696986,0.9998519384578209
16347.493,16347.192418093726,16348.044398185473,8.594394195229597,0.007547668819308129,2.2376779839250958,0.9998206913055322
16368.136,16367.562487560042,16368.724278594244,8.589801092653198,0.005074235247991332,1.2618987788446248,0.9986246097536862
16662.2,16661.805430155233,16662.812315718205,8.600707547447415,0.00513272128812492,0.6019817578489892,0.9991456043750813
16729.784,16729.499121081317,16730.27364843745,8.56440121498951,0.007757890121331101,1.2982041905343067,0.9999605383642687
16904.278,16903.69032347579,16904.774661774372,8.598046727427075,0.005348914190506093,0.9462052733870223,0.9990983442708631
17423.859,17423.398179441498,17424.40506500447,8.575628290093563,0.006618253713821076,1.2158052010199754,0.9999953307487933
